[DESKTOP]
WindowX=0
WindowY=0
WindowW=1180
WindowH=413
Style=MAXIMIZE
VIEWSELECT=1
SCALE=25000
COLORMODEL=0
PLANEX=7539813.51
PLANEY=4182096.55
BCOLOR=0xCECECE
TEXTPLACE=1
CONVENTIONAL=0
LITESELECT=0
VISIBLE=1
VIEW=PRINTRST
PLACESYSTEM=1
UNITSFORMAT=0
Intensity=100
EDIT=1
SCALING=0
SCALEBOTTOM=1
SCALETOP=2000000000
INQUIRY=1
BRIGHT=0
CONTRAST=0
TRANSPARENT=100
TRANSPARENTSQUARE=0
BACKLIGHTTEXT=0
PALETTE=0x000000,0xC4996F,0x00AA00,0x555500,0xF1FFCC,0xA1D7FD,0x0055AA,0xAAAAAA,0x545454,0xD0D0B5,0x55FF55,0xFF5555,0x5500FF,0xFF55FF,0x55FFFF,0xFFFFFF,0xE9DBEB,0xA80000,0xAFD38A,0x0000A8,0x519BE6,0x00A8A8,0xA85400,0x8D9CAE,0xC9D0D9,0xF39B8B,0xA0D1AE,0x92B5B6,0x1468BC,0xDAE7E7,0xBC6814,0xBCBCBC,0x282828,0xB5E2B5,0x8FDEC0,0x2828D0,0xABC7E5,0xD8D9F2,0xD07C28,0xD0D0D0,0x3C3C3C,0xE43C3C,0x3C903C,0x3C3CE4,0x8FBFEF,0xD5ECFB,0xE4903C,0xE1E1E1,0x505050,0x9AB2FB,0xA7C541,0xA090E9,0xC6E1FD,0xADFBF4,0xFDE7D0,0xE9EFF2,0x818181,0x9ED8D5,0xCBE7CB,0xC299B1,0xEFF0FC,0xDCF7F8,0xFFD9AA,0xFFFFFF;
PALETTENUMBER=1
MinCutLength=0.000000
MinCutLengthOnBorder=0.000000
LOCALSYSTEM=0
ISDOCPROJECTION=0
TType=0
THICK=500
LSCOLOR=0xFA
LMCOLOR=0x9020F0
LNCOLOR=0xFFFF00
REPTIME=30000
POINTHINT=0
POSFLAG=0
[PROJECTBD]
BUTTONSIZE=0
CURRENTFORM=
[RSTLIST]
COUNT=0
[MTRLIST]
COUNT=0
[MTLLIST]
COUNT=0
[MTQLIST]
COUNT=0
[MTDLIST]
COUNT=0
[TINLIST]
COUNT=0
[SITELIST]
COUNT=0
[WMSLIST]
COUNT=0
[INSET]
COUNT=0
[SEEKNAME]
CODE=9
TITLE=0
COUNT=0
[OBJECTWINDOW]
MapClipImage=0
DetailInfo=0
[GRID]
Active=0
Type=1
Color=0
Thick=250
Size=250
Shadow=0
Under=0
Step=1000000
BeginX=0.000000
BeginY=0.000000
